14 0.371354 0.187500 0.092708 0.204687
14 0.461979 0.189844 0.082292 0.206250
14 0.542708 0.188672 0.079167 0.207031
14 0.628646 0.189062 0.084375 0.207813
14 0.371875 0.453516 0.081250 0.189844
14 0.448437 0.454297 0.076042 0.191406
14 0.529687 0.456250 0.084375 0.195312
14 0.610938 0.456250 0.076042 0.192188
14 0.375521 0.666016 0.069792 0.161719
14 0.446354 0.666797 0.065625 0.161719
14 0.515625 0.666016 0.075000 0.160156
14 0.590625 0.670312 0.077083 0.160938
14 0.379688 0.857031 0.061458 0.139063
14 0.444271 0.855078 0.071875 0.147656
14 0.509375 0.856250 0.062500 0.146875
14 0.579167 0.853906 0.070833 0.145313